
Values:1 2 2 2 2 2 2 2 2 1 
Mean: 1.8 SD: 0.42163702135578396

Values:1 2 2 2 2 2 2 2 2 1 1 1 2 1 2 2 1 2 1 1 
Mean: 1.6 SD: 0.5026246899500346

Values:1 2 2 2 2 2 2 2 2 1 1 1 2 1 2 2 1 2 1 1 1 1 1 1 1 1 2 1 2 2 
Mean: 1.5 SD: 0.5085476277156078

Values:1 2 2 2 2 2 2 2 2 1 1 1 2 1 2 2 1 2 1 1 1 1 1 1 1 1 2 1 2 2 1 1 2 2 2 1 2 2 2 2 
Mean: 1.55 SD: 0.5038314736557791

Values:1 2 2 2 2 2 2 2 2 1 1 1 2 1 2 2 1 2 1 1 1 1 1 1 1 1 2 1 2 2 1 1 2 2 2 1 2 2 2 2 1 1 1 2 1 1 1 1 1 2 
Mean: 1.48 SD: 0.5046720495044485

Values:1 2 2 2 2 2 2 2 2 1 1 1 2 1 2 2 1 2 1 1 1 1 1 1 1 1 2 1 2 2 1 1 2 2 2 1 2 2 2 2 1 1 1 2 1 1 1 1 1 2 1 2 1 2 2 2 2 1 1 2 
Mean: 1.5 SD: 0.5042194840896107

Values:1 2 2 2 2 2 2 2 2 1 1 1 2 1 2 2 1 2 1 1 1 1 1 1 1 1 2 1 2 2 1 1 2 2 2 1 2 2 2 2 1 1 1 2 1 1 1 1 1 2 1 2 1 2 2 2 2 1 1 2 1 1 1 1 2 1 2 1 2 1 
Mean: 1.4714285714285715 SD: 0.5027872622251887

Values:1 2 2 2 2 2 2 2 2 1 1 1 2 1 2 2 1 2 1 1 1 1 1 1 1 1 2 1 2 2 1 1 2 2 2 1 2 2 2 2 1 1 1 2 1 1 1 1 1 2 1 2 1 2 2 2 2 1 1 2 1 1 1 1 2 1 2 1 2 1 2 1 2 1 1 1 2 2 2 2 
Mean: 1.4875 SD: 0.5029973450366552

Values:1 2 2 2 2 2 2 2 2 1 1 1 2 1 2 2 1 2 1 1 1 1 1 1 1 1 2 1 2 2 1 1 2 2 2 1 2 2 2 2 1 1 1 2 1 1 1 1 1 2 1 2 1 2 2 2 2 1 1 2 1 1 1 1 2 1 2 1 2 1 2 1 2 1 1 1 2 2 2 2 1 2 1 1 2 1 2 2 2 1 
Mean: 1.488888888888889 SD: 0.5026769786045272

Values:1 2 2 2 2 2 2 2 2 1 1 1 2 1 2 2 1 2 1 1 1 1 1 1 1 1 2 1 2 2 1 1 2 2 2 1 2 2 2 2 1 1 1 2 1 1 1 1 1 2 1 2 1 2 2 2 2 1 1 2 1 1 1 1 2 1 2 1 2 1 2 1 2 1 1 1 2 2 2 2 1 2 1 1 2 1 2 2 2 1 2 2 1 2 1 2 2 1 2 1 
Mean: 1.5 SD: 0.502518907629606

Enter a numeric positive integer range :
First number is 2
Second number is 2
Range Rejected. Try again.

Enter a numeric positive integer range :
First number is 4
Second number is 2
Range Rejected. Try again.

Enter a numeric positive integer range :
First number is -2
Second number is 2
Range Rejected. Try again.

Enter a numeric positive integer range :
Range Rejected. Try again.

Enter a numeric positive integer range :
First number is 1
Second number is 10

Values:5 7 6 5 3 8 2 1 1 6 
Mean: 4.4 SD: 2.503331114069145

Values:5 7 6 5 3 8 2 1 1 6 4 7 5 1 3 9 3 4 1 1 
Mean: 4.1 SD: 2.5319017192200555

Values:5 7 6 5 3 8 2 1 1 6 4 7 5 1 3 9 3 4 1 1 4 8 9 10 7 6 6 3 5 10 
Mean: 5.0 SD: 2.779233335118605

Values:5 7 6 5 3 8 2 1 1 6 4 7 5 1 3 9 3 4 1 1 4 8 9 10 7 6 6 3 5 10 8 4 2 6 5 8 8 5 3 4 
Mean: 5.075 SD: 2.615412895774703

Values:5 7 6 5 3 8 2 1 1 6 4 7 5 1 3 9 3 4 1 1 4 8 9 10 7 6 6 3 5 10 8 4 2 6 5 8 8 5 3 4 6 9 7 9 1 7 2 3 1 7 
Mean: 5.1 SD: 2.6973153697856014

Values:5 7 6 5 3 8 2 1 1 6 4 7 5 1 3 9 3 4 1 1 4 8 9 10 7 6 6 3 5 10 8 4 2 6 5 8 8 5 3 4 6 9 7 9 1 7 2 3 1 7 1 4 6 8 5 9 9 10 8 4 
Mean: 5.316666666666666 SD: 2.7462866557372028

Values:5 7 6 5 3 8 2 1 1 6 4 7 5 1 3 9 3 4 1 1 4 8 9 10 7 6 6 3 5 10 8 4 2 6 5 8 8 5 3 4 6 9 7 9 1 7 2 3 1 7 1 4 6 8 5 9 9 10 8 4 7 7 7 7 8 4 2 7 5 8 
Mean: 5.442857142857143 SD: 2.651965168447425

Values:5 7 6 5 3 8 2 1 1 6 4 7 5 1 3 9 3 4 1 1 4 8 9 10 7 6 6 3 5 10 8 4 2 6 5 8 8 5 3 4 6 9 7 9 1 7 2 3 1 7 1 4 6 8 5 9 9 10 8 4 7 7 7 7 8 4 2 7 5 8 1 6 8 1 9 2 5 10 9 1 
Mean: 5.4125 SD: 2.7773667065738383

Values:5 7 6 5 3 8 2 1 1 6 4 7 5 1 3 9 3 4 1 1 4 8 9 10 7 6 6 3 5 10 8 4 2 6 5 8 8 5 3 4 6 9 7 9 1 7 2 3 1 7 1 4 6 8 5 9 9 10 8 4 7 7 7 7 8 4 2 7 5 8 1 6 8 1 9 2 5 10 9 1 9 6 6 8 3 7 5 5 4 3 
Mean: 5.433333333333334 SD: 2.6943553146899086

Values:5 7 6 5 3 8 2 1 1 6 4 7 5 1 3 9 3 4 1 1 4 8 9 10 7 6 6 3 5 10 8 4 2 6 5 8 8 5 3 4 6 9 7 9 1 7 2 3 1 7 1 4 6 8 5 9 9 10 8 4 7 7 7 7 8 4 2 7 5 8 1 6 8 1 9 2 5 10 9 1 9 6 6 8 3 7 5 5 4 3 4 9 9 10 7 6 6 6 6 10 
Mean: 5.62 SD: 2.688471459375902

Enter a numeric positive integer range :
First number is 1
Second number is 100

Values:90 3 11 100 53 75 56 66 18 9 
Mean: 48.1 SD: 35.62910795028881

Values:90 3 11 100 53 75 56 66 18 9 35 11 42 18 23 56 52 95 64 87 
Mean: 48.2 SD: 31.279049655774728

Values:90 3 11 100 53 75 56 66 18 9 35 11 42 18 23 56 52 95 64 87 83 90 92 22 38 76 20 50 33 37 
Mean: 50.166666666666664 SD: 29.981699398976282

Values:90 3 11 100 53 75 56 66 18 9 35 11 42 18 23 56 52 95 64 87 83 90 92 22 38 76 20 50 33 37 73 99 5 12 29 3 49 64 93 54 
Mean: 49.65 SD: 30.87406180449363

Values:90 3 11 100 53 75 56 66 18 9 35 11 42 18 23 56 52 95 64 87 83 90 92 22 38 76 20 50 33 37 73 99 5 12 29 3 49 64 93 54 29 86 89 80 79 33 30 78 40 81 
Mean: 52.22 SD: 30.12442903176417

Values:90 3 11 100 53 75 56 66 18 9 35 11 42 18 23 56 52 95 64 87 83 90 92 22 38 76 20 50 33 37 73 99 5 12 29 3 49 64 93 54 29 86 89 80 79 33 30 78 40 81 24 55 92 77 52 53 54 17 19 98 
Mean: 52.53333333333333 SD: 29.660489422266135

Values:90 3 11 100 53 75 56 66 18 9 35 11 42 18 23 56 52 95 64 87 83 90 92 22 38 76 20 50 33 37 73 99 5 12 29 3 49 64 93 54 29 86 89 80 79 33 30 78 40 81 24 55 92 77 52 53 54 17 19 98 23 98 10 26 45 76 22 48 48 26 
Mean: 51.05714285714286 SD: 29.362741704651473

Values:90 3 11 100 53 75 56 66 18 9 35 11 42 18 23 56 52 95 64 87 83 90 92 22 38 76 20 50 33 37 73 99 5 12 29 3 49 64 93 54 29 86 89 80 79 33 30 78 40 81 24 55 92 77 52 53 54 17 19 98 23 98 10 26 45 76 22 48 48 26 28 93 64 15 53 58 82 21 68 52 
Mean: 51.35 SD: 28.78163092114505

Values:90 3 11 100 53 75 56 66 18 9 35 11 42 18 23 56 52 95 64 87 83 90 92 22 38 76 20 50 33 37 73 99 5 12 29 3 49 64 93 54 29 86 89 80 79 33 30 78 40 81 24 55 92 77 52 53 54 17 19 98 23 98 10 26 45 76 22 48 48 26 28 93 64 15 53 58 82 21 68 52 33 27 2 54 70 67 31 4 17 17 
Mean: 49.22222222222222 SD: 28.838090361194155

Values:90 3 11 100 53 75 56 66 18 9 35 11 42 18 23 56 52 95 64 87 83 90 92 22 38 76 20 50 33 37 73 99 5 12 29 3 49 64 93 54 29 86 89 80 79 33 30 78 40 81 24 55 92 77 52 53 54 17 19 98 23 98 10 26 45 76 22 48 48 26 28 93 64 15 53 58 82 21 68 52 33 27 2 54 70 67 31 4 17 17 71 26 44 91 44 8 79 88 2 71 
Mean: 49.54 SD: 29.061557794002397

Enter a numeric positive integer range :
First number is 0
Second number is 0
Ending Program
